{
 "cells": [
  {
   "cell_type": "code",
   "execution_count": 2,
   "metadata": {},
   "outputs": [],
   "source": [
    "import pandas as pd\n",
    "import matplotlib.pyplot as plt\n",
    "import numpy as np\n",
    "import seaborn as sns\n",
    "pd.options.display.max_rows = 999\n",
    "pd.options.display.max_columns = 999\n",
    "\n",
    "SHEET_NAMES = [\"Pre & Post\", \"Weekly\", \"Daily\"]"
   ]
  },
  {
   "cell_type": "code",
   "execution_count": 3,
   "metadata": {},
   "outputs": [],
   "source": [
    "df = pd.read_csv(\"data/class_data.csv\", encoding = 'latin-1')\n",
    "df_interested = df[df[\"pre_studyinterest\"] == \"Yes\"]"
   ]
  },
  {
   "cell_type": "code",
   "execution_count": 34,
   "metadata": {},
   "outputs": [],
   "source": [
    "def build_counstruct_variable_dict(codebook, flag):\n",
    "    appending = [c for c in list(codebook.columns)[1:list(codebook.columns).index(\"Construct\")]]\n",
    "    if \"pre\" in appending:\n",
    "        construct_var_dict = \\\n",
    "            codebook.groupby(\"Construct\").apply(\n",
    "                lambda d: {i: [a + \"_\" + i for a in [flag] if d[d[\"Name Stem\"] == i][flag].tolist()[0] == \"x\"] \\\n",
    "                           for i in d[\"Name Stem\"]}).to_dict()\n",
    "            \n",
    "    else:\n",
    "        construct_var_dict = \\\n",
    "            codebook.groupby(\"Construct\").apply(\n",
    "                lambda d: {i: [i + flag + str(a) for a in appending if d[d[\"Name Stem\"] == i][a].tolist()[0] == \"x\"] \\\n",
    "                           for i in d[\"Name Stem\"]}).to_dict()\n",
    "    return construct_var_dict\n",
    "\n",
    "def find_construct_variable(df, codebook, flag):\n",
    "    construct_var_dict = build_counstruct_variable_dict(codebook, flag)\n",
    "    to_ret = {construct: {var_root: [var for var in construct_var_dict[construct][var_root] + [var_root] \\\n",
    "                                     if var in df.columns] for var_root in construct_var_dict[construct]} \\\n",
    "              for construct in construct_var_dict}\n",
    "    return to_ret\n",
    "\n",
    "def print_non_exist_variable(df, to_ret):\n",
    "    print(\"Vars that cannot be found in df:  \")\n",
    "    for construct in to_ret:\n",
    "        for var_root in to_ret[construct]:\n",
    "            if len(to_ret[construct][var_root]) == 0:\n",
    "                print([construct, var_root])\n",
    "    print('\\n')\n",
    "\n",
    "def print_var_null_percentage(df, verbal = False):\n",
    "    def print_percentage(construct_var_dict):\n",
    "        for construct in construct_var_dict:\n",
    "            found_var = [var for var_root in construct_var_dict[construct] for var in construct_var_dict[construct][var_root]]\n",
    "            df_construct_sub = df[sorted(found_var)]\n",
    "            to_view = pd.DataFrame(df_construct_sub.count()).reset_index()\n",
    "            to_view.columns = [\"var\", \"count\"]\n",
    "            to_view[\"null_count\"] = df_construct_sub.shape[0] - to_view[\"count\"]\n",
    "            to_view[\"null_percentage\"] = to_view[\"null_count\"] / df_construct_sub.shape[0]\n",
    "            print(\"{}\\n{}\\n\\n\".format(construct, to_view))\n",
    "\n",
    "    for sheet in SHEET_NAMES:\n",
    "        print(sheet, '\\n\\n')\n",
    "        df_codebook =  pd.read_excel(\"data/codebook.xlsx\", sheet_name=sheet)\n",
    "        if sheet == \"Pre & Post\":\n",
    "            construct_var_dict_pre = find_construct_variable(df, df_codebook, \"pre\")\n",
    "            construct_var_dict_post = find_construct_variable(df, df_codebook, \"post\")\n",
    "            if verbal:\n",
    "                construct_var_dict = {construct: {root: construct_var_dict_pre[construct][root] + construct_var_dict_post[construct][root] \n",
    "                                      for root in construct_var_dict_pre[construct]} for construct in construct_var_dict_pre}\n",
    "                print_non_exist_variable(df, construct_var_dict)\n",
    "            print(\"Pre:  \")\n",
    "            print_percentage(construct_var_dict_pre)\n",
    "            print(\"\\n\\nPost:  \")\n",
    "            print_percentage(construct_var_dict_post)\n",
    "\n",
    "        else:\n",
    "            construct_var_dict = find_construct_variable(df, df_codebook, sheet[0].lower())\n",
    "            if verbal:\n",
    "                print_non_exist_variable(df, construct_var_dict)\n",
    "            print_percentage(construct_var_dict)\n",
    "        \n",
    "      "
   ]
  },
  {
   "cell_type": "markdown",
   "metadata": {},
   "source": [
    "## Interested Students"
   ]
  },
  {
   "cell_type": "code",
   "execution_count": 35,
   "metadata": {},
   "outputs": [
    {
     "name": "stdout",
     "output_type": "stream",
     "text": [
      "Pre & Post \n",
      "\n",
      "\n",
      "Pre:  \n",
      "Academic Integration\n",
      "Empty DataFrame\n",
      "Columns: [var, count, null_count, null_percentage]\n",
      "Index: []\n",
      "\n",
      "\n",
      "Achievement Goals (Mastery approach)\n",
      "           var  count  null_count  null_percentage\n",
      "0  pre_agqmap1     99           0              0.0\n",
      "1  pre_agqmap2     99           0              0.0\n",
      "\n",
      "\n",
      "Achievement Goals (Mastery avoid)\n",
      "            var  count  null_count  null_percentage\n",
      "0  pre_agqmap10     94           5         0.050505\n",
      "1   pre_agqmap5     96           3         0.030303\n",
      "\n",
      "\n",
      "Achievement Goals (Performance approach)\n",
      "            var  count  null_count  null_percentage\n",
      "0  pre_agqmap17     83          16         0.161616\n",
      "1   pre_agqmap6     95           4         0.040404\n",
      "\n",
      "\n",
      "Achievement Goals (Performance avoid)\n",
      "            var  count  null_count  null_percentage\n",
      "0  pre_agqmap16     90           9         0.090909\n",
      "1   pre_agqmap3     96           3         0.030303\n",
      "2   pre_agqmap7     95           4         0.040404\n",
      "\n",
      "\n",
      "Achievement Goals (Work avoidance)\n",
      "            var  count  null_count  null_percentage\n",
      "0  pre_agqmap12     82          17         0.171717\n",
      "\n",
      "\n",
      "Activities\n",
      "Empty DataFrame\n",
      "Columns: [var, count, null_count, null_percentage]\n",
      "Index: []\n",
      "\n",
      "\n",
      "Attainment Value\n",
      "        var  count  null_count  null_percentage\n",
      "0  pre_att1     97           2         0.020202\n",
      "1  pre_att2     95           4         0.040404\n",
      "2  pre_att3     93           6         0.060606\n",
      "\n",
      "\n",
      "Consciousness\n",
      "Empty DataFrame\n",
      "Columns: [var, count, null_count, null_percentage]\n",
      "Index: []\n",
      "\n",
      "\n",
      "Cost Value (Emotional)\n",
      "         var  count  null_count  null_percentage\n",
      "0  pre_cost1     97           2         0.020202\n",
      "1  pre_cost2     94           5         0.050505\n",
      "2  pre_cost3     91           8         0.080808\n",
      "\n",
      "\n",
      "Cost Value (Loss of Valued Alternatives)\n",
      "         var  count  null_count  null_percentage\n",
      "0  pre_cost4     98           1         0.010101\n",
      "1  pre_cost5     92           7         0.070707\n",
      "2  pre_cost6     93           6         0.060606\n",
      "\n",
      "\n",
      "Cost Value (Outside Effort)\n",
      "         var  count  null_count  null_percentage\n",
      "0  pre_cost7     95           4         0.040404\n",
      "1  pre_cost8     98           1         0.010101\n",
      "2  pre_cost9     97           2         0.020202\n",
      "\n",
      "\n",
      "Course Features\n",
      "Empty DataFrame\n",
      "Columns: [var, count, null_count, null_percentage]\n",
      "Index: []\n",
      "\n",
      "\n",
      "Course Identifiers\n",
      "                  var  count  null_count  null_percentage\n",
      "0             acaterm     99           0              0.0\n",
      "1             acayear     99           0              0.0\n",
      "2          coursecode     99           0              0.0\n",
      "3        courseformat     99           0              0.0\n",
      "4           coursenum     99           0              0.0\n",
      "5         coursetitle     99           0              0.0\n",
      "6  departmentnamecode     99           0              0.0\n",
      "7          pre_status     99           0              0.0\n",
      "8             section     99           0              0.0\n",
      "9                year     99           0              0.0\n",
      "\n",
      "\n",
      "Course Plan\n",
      "               var  count  null_count  null_percentage\n",
      "0        pre_study     97           2         0.020202\n",
      "1    pre_studydays     98           1         0.010101\n",
      "2    pre_studyplan     99           0         0.000000\n",
      "3  pre_studyplan_o     70          29         0.292929\n",
      "4     pre_syllabus     99           0         0.000000\n",
      "\n",
      "\n",
      "Demographics\n",
      "           var  count  null_count  null_percentage\n",
      "0   pre_begscl     99           0         0.000000\n",
      "1     pre_cong     99           0         0.000000\n",
      "2   pre_eng1st     99           0         0.000000\n",
      "3    pre_major     99           0         0.000000\n",
      "4   pre_onlcrd     99           0         0.000000\n",
      "5  pre_parents     98           1         0.010101\n",
      "6    pre_resid     99           0         0.000000\n",
      "\n",
      "\n",
      "Effort Regulation\n",
      "        var  count  null_count  null_percentage\n",
      "0   pre_er1     82          17         0.171717\n",
      "1   pre_er2     98           1         0.010101\n",
      "2   pre_er3     77          22         0.222222\n",
      "3   pre_er4     97           2         0.020202\n",
      "4  pre_er7x     98           1         0.010101\n",
      "5  pre_er8x     98           1         0.010101\n",
      "\n",
      "\n",
      "Extra\n",
      "                 var  count  null_count  null_percentage\n",
      "0  pre_essayquestion      0          99         1.000000\n",
      "1  pre_extraquestion     25          74         0.747475\n",
      "\n",
      "\n",
      "Goal Setting Helpful\n",
      "Empty DataFrame\n",
      "Columns: [var, count, null_count, null_percentage]\n",
      "Index: []\n",
      "\n",
      "\n",
      "Grade Expectations\n",
      "              var  count  null_count  null_percentage\n",
      "0    pre_badgrade     99           0         0.000000\n",
      "1    pre_difgrade     79          20         0.202020\n",
      "2  pre_difgrade_o     11          88         0.888889\n",
      "3      pre_egrade     99           0         0.000000\n",
      "4      pre_wgrade     99           0         0.000000\n",
      "\n",
      "\n",
      "Interest Value\n",
      "        var  count  null_count  null_percentage\n",
      "0  pre_int1     95           4         0.040404\n",
      "1  pre_int2     94           5         0.050505\n",
      "2  pre_int3     95           4         0.040404\n",
      "3  pre_int4     97           2         0.020202\n",
      "\n",
      "\n",
      "Internal/External Motivation\n",
      "          var  count  null_count  null_percentage\n",
      "0  pre_iemot1     99           0         0.000000\n",
      "1  pre_iemot2     97           2         0.020202\n",
      "2  pre_iemot3     98           1         0.010101\n",
      "3  pre_iemot4     97           2         0.020202\n",
      "4  pre_iemot5     95           4         0.040404\n",
      "5  pre_iemot6     96           3         0.030303\n",
      "6  pre_iemot7     93           6         0.060606\n",
      "\n",
      "\n",
      "Motivation for Taking Course\n",
      "                 var  count  null_count  null_percentage\n",
      "0    pre_coursegoals     99           0         0.000000\n",
      "1  pre_coursegoals_o      1          98         0.989899\n",
      "2           pre_reas     99           0         0.000000\n",
      "3         pre_reas_o      5          94         0.949495\n",
      "\n",
      "\n",
      "Online Expectations\n",
      "           var  count  null_count  null_percentage\n",
      "0  pre_onlexp1     99           0         0.000000\n",
      "1  pre_onlexp2     98           1         0.010101\n",
      "\n",
      "\n",
      "Online Self Regulation\n",
      "           var  count  null_count  null_percentage\n",
      "0   pre_olsrl1     97           2         0.020202\n",
      "1   pre_olsrl2     96           3         0.030303\n",
      "2   pre_olsrl3     93           6         0.060606\n",
      "3   pre_olsrl4     93           6         0.060606\n",
      "4   pre_olsrl5     94           5         0.050505\n",
      "5    pre_orsh1     96           3         0.030303\n",
      "6    pre_orsh2     98           1         0.010101\n",
      "7    pre_orsh3     97           2         0.020202\n",
      "8    pre_orsh4     99           0         0.000000\n",
      "9    pre_orsh5     99           0         0.000000\n",
      "10   pre_orsh6     97           2         0.020202\n",
      "11   pre_orsh7     99           0         0.000000\n",
      "\n",
      "\n",
      "Other Activities Completion\n",
      "Empty DataFrame\n",
      "Columns: [var, count, null_count, null_percentage]\n",
      "Index: []\n",
      "\n",
      "\n",
      "Other Activities List\n",
      "          var  count  null_count  null_percentage\n",
      "0   pre_oact1     93           6         0.060606\n",
      "1  pre_oact10      5          94         0.949495\n",
      "2   pre_oact2     86          13         0.131313\n",
      "3   pre_oact3     68          31         0.313131\n",
      "4   pre_oact4     46          53         0.535354\n",
      "5   pre_oact5     27          72         0.727273\n",
      "6   pre_oact6     18          81         0.818182\n",
      "7   pre_oact7     11          88         0.888889\n",
      "8   pre_oact8      7          92         0.929293\n",
      "9   pre_oact9      6          93         0.939394\n",
      "\n",
      "\n",
      "Other Activities Rank\n",
      "               var  count  null_count  null_percentage\n",
      "0   pre_courserank     75          24         0.242424\n",
      "1   pre_oact10rank      5          94         0.949495\n",
      "2    pre_oact1rank     70          29         0.292929\n",
      "3    pre_oact2rank     68          31         0.313131\n",
      "4    pre_oact3rank     57          42         0.424242\n",
      "5    pre_oact4rank     42          57         0.575758\n",
      "6    pre_oact5rank     25          74         0.747475\n",
      "7    pre_oact6rank     17          82         0.828283\n",
      "8    pre_oact7rank     11          88         0.888889\n",
      "9    pre_oact8rank      7          92         0.929293\n",
      "10   pre_oact9rank      6          93         0.939394\n",
      "\n",
      "\n",
      "Other Activities Time\n",
      "             var  count  null_count  null_percentage\n",
      "0  pre_oact10hrs      5          94         0.949495\n",
      "1   pre_oact1hrs     93           6         0.060606\n",
      "2   pre_oact2hrs     86          13         0.131313\n",
      "3   pre_oact3hrs     68          31         0.313131\n",
      "4   pre_oact4hrs     46          53         0.535354\n",
      "5   pre_oact5hrs     26          73         0.737374\n",
      "6   pre_oact6hrs     18          81         0.818182\n",
      "7   pre_oact7hrs     11          88         0.888889\n",
      "8   pre_oact8hrs      7          92         0.929293\n",
      "9   pre_oact9hrs      6          93         0.939394\n",
      "\n",
      "\n",
      "Other Courses\n",
      "               var  count  null_count  null_percentage\n",
      "0      pre_courses     99           0         0.000000\n",
      "1  pre_courses_imp     91           8         0.080808\n",
      "2  pre_courses_int     91           8         0.080808\n",
      "\n",
      "\n",
      "Perceptions of Instruction\n",
      "Empty DataFrame\n",
      "Columns: [var, count, null_count, null_percentage]\n",
      "Index: []\n",
      "\n",
      "\n",
      "Performance Comparisons\n",
      "Empty DataFrame\n",
      "Columns: [var, count, null_count, null_percentage]\n",
      "Index: []\n",
      "\n",
      "\n",
      "Persistence\n",
      "           var  count  null_count  null_percentage\n",
      "0  pre_persist     99           0              0.0\n",
      "\n",
      "\n",
      "Qualtrics Embedded Data\n",
      "                  var  count  null_count  null_percentage\n",
      "0   externalreference      0          99         1.000000\n",
      "1    pre_distribution     99           0         0.000000\n",
      "2        pre_duration     99           0         0.000000\n",
      "3             pre_end     99           0         0.000000\n",
      "4        pre_finished     99           0         0.000000\n",
      "5        pre_latitude     99           0         0.000000\n",
      "6       pre_longitude     99           0         0.000000\n",
      "7        pre_progress     99           0         0.000000\n",
      "8           pre_start     99           0         0.000000\n",
      "9            rosterid     82          17         0.171717\n",
      "10       userlanguage     99           0         0.000000\n",
      "\n",
      "\n",
      "Self-Concept of Ability\n",
      "Empty DataFrame\n",
      "Columns: [var, count, null_count, null_percentage]\n",
      "Index: []\n",
      "\n",
      "\n",
      "Self-Efficacy\n",
      "       var  count  null_count  null_percentage\n",
      "0  pre_se1     97           2         0.020202\n",
      "1  pre_se2     99           0         0.000000\n",
      "2  pre_se3     99           0         0.000000\n",
      "3  pre_se4     99           0         0.000000\n",
      "4  pre_se5     99           0         0.000000\n",
      "\n",
      "\n",
      "Student Entered Data\n",
      "Empty DataFrame\n",
      "Columns: [var, count, null_count, null_percentage]\n",
      "Index: []\n",
      "\n",
      "\n",
      "Study Participation\n",
      "                 var  count  null_count  null_percentage\n",
      "0       pre_giftcard     99           0              0.0\n",
      "1  pre_studyinterest     99           0              0.0\n",
      "\n",
      "\n",
      "Utility Value\n",
      "         var  count  null_count  null_percentage\n",
      "0  pre_util1     96           3         0.030303\n",
      "1  pre_util2     96           3         0.030303\n",
      "2  pre_util3     96           3         0.030303\n",
      "3  pre_util4     96           3         0.030303\n",
      "4  pre_util5     98           1         0.010101\n",
      "\n",
      "\n",
      "\n",
      "\n",
      "Post:  \n",
      "Academic Integration\n",
      "         var  count  null_count  null_percentage\n",
      "0  post_aca1     70          29         0.292929\n",
      "1  post_aca2     70          29         0.292929\n",
      "2  post_aca3     70          29         0.292929\n",
      "3  post_aca4     69          30         0.303030\n",
      "4  post_aca5     69          30         0.303030\n",
      "\n",
      "\n",
      "Achievement Goals (Mastery approach)\n",
      "            var  count  null_count  null_percentage\n",
      "0  post_agqmap1     68          31         0.313131\n",
      "1  post_agqmap2     68          31         0.313131\n",
      "\n",
      "\n",
      "Achievement Goals (Mastery avoid)\n",
      "             var  count  null_count  null_percentage\n",
      "0  post_agqmap10     66          33         0.333333\n",
      "1   post_agqmap5     67          32         0.323232\n",
      "\n",
      "\n",
      "Achievement Goals (Performance approach)\n",
      "             var  count  null_count  null_percentage\n",
      "0  post_agqmap17     63          36         0.363636\n",
      "1   post_agqmap6     63          36         0.363636\n",
      "\n",
      "\n",
      "Achievement Goals (Performance avoid)\n",
      "             var  count  null_count  null_percentage\n",
      "0  post_agqmap16     63          36         0.363636\n",
      "1   post_agqmap3     64          35         0.353535\n",
      "2   post_agqmap7     69          30         0.303030\n",
      "\n",
      "\n",
      "Achievement Goals (Work avoidance)\n",
      "Empty DataFrame\n",
      "Columns: [var, count, null_count, null_percentage]\n",
      "Index: []\n",
      "\n",
      "\n",
      "Activities\n",
      "           var  count  null_count  null_percentage\n",
      "0  post_activ1     71          28         0.282828\n",
      "1  post_activ2     42          57         0.575758\n",
      "2  post_activ3     54          45         0.454545\n",
      "3  post_activ4     43          56         0.565657\n",
      "4  post_activ5     69          30         0.303030\n",
      "5  post_activ6     53          46         0.464646\n",
      "6  post_activ7     46          53         0.535354\n",
      "\n",
      "\n",
      "Attainment Value\n",
      "         var  count  null_count  null_percentage\n",
      "0  post_att1     66          33         0.333333\n",
      "1  post_att2     64          35         0.353535\n",
      "2  post_att3     63          36         0.363636\n",
      "\n",
      "\n",
      "Consciousness\n",
      "        var  count  null_count  null_percentage\n",
      "0  post_sp1     70          29         0.292929\n",
      "1  post_sp2     70          29         0.292929\n",
      "2  post_sp3     70          29         0.292929\n",
      "3  post_sp4     70          29         0.292929\n",
      "4  post_sp5     70          29         0.292929\n",
      "5  post_sp6     70          29         0.292929\n",
      "\n",
      "\n",
      "Cost Value (Emotional)\n",
      "          var  count  null_count  null_percentage\n",
      "0  post_cost1     67          32         0.323232\n",
      "1  post_cost2     66          33         0.333333\n",
      "2  post_cost3     64          35         0.353535\n",
      "\n",
      "\n",
      "Cost Value (Loss of Valued Alternatives)\n",
      "          var  count  null_count  null_percentage\n",
      "0  post_cost4     68          31         0.313131\n",
      "1  post_cost5     65          34         0.343434\n",
      "2  post_cost6     66          33         0.333333\n",
      "\n",
      "\n",
      "Cost Value (Outside Effort)\n",
      "          var  count  null_count  null_percentage\n",
      "0  post_cost7     68          31         0.313131\n",
      "1  post_cost8     69          30         0.303030\n",
      "2  post_cost9     67          32         0.323232\n",
      "\n",
      "\n",
      "Course Features\n",
      "            var  count  null_count  null_percentage\n",
      "0    post_canv1     69          30         0.303030\n",
      "1   post_canv12     70          29         0.292929\n",
      "2   post_canv13     70          29         0.292929\n",
      "3    post_canv2     70          29         0.292929\n",
      "4   post_canv26     70          29         0.292929\n",
      "5    post_canv4     70          29         0.292929\n",
      "6   post_canv4a     70          29         0.292929\n",
      "7    post_canv5     70          29         0.292929\n",
      "8    post_canv6     70          29         0.292929\n",
      "9    post_crs19     70          29         0.292929\n",
      "10    post_crs4     70          29         0.292929\n",
      "\n",
      "\n",
      "Course Identifiers\n",
      "                  var  count  null_count  null_percentage\n",
      "0             acaterm     99           0              0.0\n",
      "1             acayear     99           0              0.0\n",
      "2          coursecode     99           0              0.0\n",
      "3        courseformat     99           0              0.0\n",
      "4           coursenum     99           0              0.0\n",
      "5         coursetitle     99           0              0.0\n",
      "6  departmentnamecode     99           0              0.0\n",
      "7          pre_status     99           0              0.0\n",
      "8             section     99           0              0.0\n",
      "9                year     99           0              0.0\n",
      "\n",
      "\n",
      "Course Plan\n",
      "                   var  count  null_count  null_percentage\n",
      "0           post_study     71          28         0.282828\n",
      "1       post_studydays     71          28         0.282828\n",
      "2   post_studyplan_chg     71          28         0.282828\n",
      "3  post_studyplan_chgh     37          62         0.626263\n",
      "4  post_studyplan_chgw     37          62         0.626263\n",
      "\n",
      "\n",
      "Demographics\n",
      "        var  count  null_count  null_percentage\n",
      "0  post_sex     70          29         0.292929\n",
      "\n",
      "\n",
      "Effort Regulation\n",
      "         var  count  null_count  null_percentage\n",
      "0   post_er1     66          33         0.333333\n",
      "1   post_er2     70          29         0.292929\n",
      "2   post_er3     63          36         0.363636\n",
      "3   post_er4     69          30         0.303030\n",
      "4  post_er7x     68          31         0.313131\n",
      "5  post_er8x     69          30         0.303030\n",
      "\n",
      "\n",
      "Extra\n",
      "                   var  count  null_count  null_percentage\n",
      "0   post_extraquestion     23          76         0.767677\n",
      "1  post_extraquestion2     18          81         0.818182\n",
      "\n",
      "\n",
      "Goal Setting Helpful\n",
      "              var  count  null_count  null_percentage\n",
      "0  post_goalhelpd     62          37         0.373737\n",
      "1  post_goalhelpw     62          37         0.373737\n",
      "2    post_goalrmb     70          29         0.292929\n",
      "\n",
      "\n",
      "Grade Expectations\n",
      "               var  count  null_count  null_percentage\n",
      "0    post_badgrade     71          28         0.282828\n",
      "1   post_badgradef     71          28         0.282828\n",
      "2      post_egrade     71          28         0.282828\n",
      "3  post_egrade_let     71          28         0.282828\n",
      "4     post_egradef     71          28         0.282828\n",
      "5      post_wgrade     71          28         0.282828\n",
      "6     post_wgradef     71          28         0.282828\n",
      "\n",
      "\n",
      "Interest Value\n",
      "         var  count  null_count  null_percentage\n",
      "0  post_int1     66          33         0.333333\n",
      "1  post_int2     67          32         0.323232\n",
      "2  post_int3     67          32         0.323232\n",
      "3  post_int4     67          32         0.323232\n",
      "\n",
      "\n",
      "Internal/External Motivation\n",
      "           var  count  null_count  null_percentage\n",
      "0  post_iemot1     66          33         0.333333\n",
      "1  post_iemot2     66          33         0.333333\n",
      "2  post_iemot3     66          33         0.333333\n",
      "3  post_iemot4     68          31         0.313131\n",
      "4  post_iemot5     67          32         0.323232\n",
      "5  post_iemot6     69          30         0.303030\n",
      "6  post_iemot7     64          35         0.353535\n",
      "\n",
      "\n",
      "Motivation for Taking Course\n",
      "Empty DataFrame\n",
      "Columns: [var, count, null_count, null_percentage]\n",
      "Index: []\n",
      "\n",
      "\n",
      "Online Expectations\n",
      "Empty DataFrame\n",
      "Columns: [var, count, null_count, null_percentage]\n",
      "Index: []\n",
      "\n",
      "\n",
      "Online Self Regulation\n",
      "            var  count  null_count  null_percentage\n",
      "0   post_olsrl1     69          30         0.303030\n",
      "1   post_olsrl2     69          30         0.303030\n",
      "2   post_olsrl3     65          34         0.343434\n",
      "3   post_olsrl4     67          32         0.323232\n",
      "4   post_olsrl5     70          29         0.292929\n",
      "5    post_orsh1     70          29         0.292929\n",
      "6    post_orsh2     70          29         0.292929\n",
      "7    post_orsh4     68          31         0.313131\n",
      "8    post_orsh5     69          30         0.303030\n",
      "9    post_orsh6     68          31         0.313131\n",
      "10   post_orsh7     63          36         0.363636\n",
      "\n",
      "\n",
      "Other Activities Completion\n",
      "                var  count  null_count  null_percentage\n",
      "0   post_oactcompx1     69          30         0.303030\n",
      "1  post_oactcompx10      4          95         0.959596\n",
      "2   post_oactcompx2     64          35         0.353535\n",
      "3   post_oactcompx3     51          48         0.484848\n",
      "4   post_oactcompx4     35          64         0.646465\n",
      "5   post_oactcompx5     21          78         0.787879\n",
      "6   post_oactcompx6     15          84         0.848485\n",
      "7   post_oactcompx7     10          89         0.898990\n",
      "8   post_oactcompx8      6          93         0.939394\n",
      "9   post_oactcompx9      5          94         0.949495\n",
      "\n",
      "\n",
      "Other Activities List\n",
      "           var  count  null_count  null_percentage\n",
      "0  post_oact11     22          77         0.777778\n",
      "1  post_oact12      8          91         0.919192\n",
      "2  post_oact13      3          96         0.969697\n",
      "3  post_oact14      1          98         0.989899\n",
      "4  post_oact15      1          98         0.989899\n",
      "\n",
      "\n",
      "Other Activities Rank\n",
      "                var  count  null_count  null_percentage\n",
      "0   post_courserank     53          46         0.464646\n",
      "1   post_oact10rank      2          97         0.979798\n",
      "2   post_oact11rank     21          78         0.787879\n",
      "3   post_oact12rank      8          91         0.919192\n",
      "4   post_oact13rank      3          96         0.969697\n",
      "5   post_oact14rank      1          98         0.989899\n",
      "6   post_oact15rank      1          98         0.989899\n",
      "7    post_oact1rank     52          47         0.474747\n",
      "8    post_oact2rank     49          50         0.505051\n",
      "9    post_oact3rank     39          60         0.606061\n",
      "10   post_oact4rank     29          70         0.707071\n",
      "11   post_oact5rank     17          82         0.828283\n",
      "12   post_oact6rank     13          86         0.868687\n",
      "13   post_oact7rank      8          91         0.919192\n",
      "14   post_oact8rank      4          95         0.959596\n",
      "15   post_oact9rank      3          96         0.969697\n",
      "\n",
      "\n",
      "Other Activities Time\n",
      "               var  count  null_count  null_percentage\n",
      "0   post_oact10hrs      2          97         0.979798\n",
      "1   post_oact11hrs     22          77         0.777778\n",
      "2   post_oact12hrs      8          91         0.919192\n",
      "3   post_oact13hrs      3          96         0.969697\n",
      "4   post_oact14hrs      1          98         0.989899\n",
      "5   post_oact15hrs      1          98         0.989899\n",
      "6    post_oact1hrs     65          34         0.343434\n",
      "7    post_oact2hrs     52          47         0.474747\n",
      "8    post_oact3hrs     37          62         0.626263\n",
      "9    post_oact4hrs     25          74         0.747475\n",
      "10   post_oact5hrs     16          83         0.838384\n",
      "11   post_oact6hrs     14          85         0.858586\n",
      "12   post_oact7hrs      8          91         0.919192\n",
      "13   post_oact8hrs      5          94         0.949495\n",
      "14   post_oact9hrs      3          96         0.969697\n",
      "\n",
      "\n",
      "Other Courses\n",
      "                var  count  null_count  null_percentage\n",
      "0      post_courses     71          28         0.282828\n",
      "1  post_courses_imp     59          40         0.404040\n",
      "2  post_courses_int     59          40         0.404040\n",
      "\n",
      "\n",
      "Perceptions of Instruction\n",
      "           var  count  null_count  null_percentage\n",
      "0  post_aspneg     53          46         0.464646\n",
      "1  post_asppos     60          39         0.393939\n",
      "\n",
      "\n",
      "Performance Comparisons\n",
      "              var  count  null_count  null_percentage\n",
      "0    post_perfoth     33          66         0.666667\n",
      "1  post_perfoth_o     25          74         0.747475\n",
      "2    post_perfown     44          55         0.555556\n",
      "3  post_perfown_o     29          70         0.707071\n",
      "\n",
      "\n",
      "Persistence\n",
      "Empty DataFrame\n",
      "Columns: [var, count, null_count, null_percentage]\n",
      "Index: []\n",
      "\n",
      "\n",
      "Qualtrics Embedded Data\n",
      "                  var  count  null_count  null_percentage\n",
      "0   externalreference      0          99         1.000000\n",
      "1   post_distribution     72          27         0.272727\n",
      "2       post_duration     72          27         0.272727\n",
      "3            post_end     72          27         0.272727\n",
      "4       post_finished     72          27         0.272727\n",
      "5       post_latitude     71          28         0.282828\n",
      "6      post_longitude     71          28         0.282828\n",
      "7       post_progress     72          27         0.272727\n",
      "8          post_start     72          27         0.272727\n",
      "9            rosterid     82          17         0.171717\n",
      "10       userlanguage     99           0         0.000000\n",
      "\n",
      "\n",
      "Self-Concept of Ability\n",
      "Empty DataFrame\n",
      "Columns: [var, count, null_count, null_percentage]\n",
      "Index: []\n",
      "\n",
      "\n",
      "Self-Efficacy\n",
      "        var  count  null_count  null_percentage\n",
      "0  post_se1     69          30         0.303030\n",
      "1  post_se2     69          30         0.303030\n",
      "2  post_se3     68          31         0.313131\n",
      "3  post_se4     69          30         0.303030\n",
      "4  post_se5     70          29         0.292929\n",
      "\n",
      "\n",
      "Student Entered Data\n",
      "Empty DataFrame\n",
      "Columns: [var, count, null_count, null_percentage]\n",
      "Index: []\n",
      "\n",
      "\n",
      "Study Participation\n",
      "Empty DataFrame\n",
      "Columns: [var, count, null_count, null_percentage]\n",
      "Index: []\n",
      "\n",
      "\n",
      "Utility Value\n",
      "          var  count  null_count  null_percentage\n",
      "0  post_util1     68          31         0.313131\n",
      "1  post_util2     69          30         0.303030\n",
      "2  post_util3     68          31         0.313131\n",
      "3  post_util4     67          32         0.323232\n",
      "4  post_util5     68          31         0.313131\n",
      "\n",
      "\n",
      "Weekly \n",
      "\n",
      "\n",
      "Aticipated Challenge\n",
      "             var  count  null_count  null_percentage\n",
      "0   wcoursechal1     38          61         0.616162\n",
      "1   wcoursechal2     41          58         0.585859\n",
      "2   wcoursechal3     33          66         0.666667\n",
      "3   wcoursechal4     34          65         0.656566\n",
      "4     woactchal1     38          61         0.616162\n",
      "5    woactchal11     41          58         0.585859\n",
      "6    woactchal12     36          63         0.636364\n",
      "7     woactchal2     31          68         0.686869\n",
      "8    woactchal21     25          74         0.747475\n",
      "9    woactchal22     17          82         0.828283\n",
      "10   woactchal31     33          66         0.666667\n",
      "11   woactchal32     23          76         0.767677\n",
      "\n",
      "\n",
      "Attainment Value\n",
      "      var  count  null_count  null_percentage\n",
      "0  att3w2     80          19         0.191919\n",
      "1  att3w3     71          28         0.282828\n",
      "2  att3w4     67          32         0.323232\n",
      "3  att3w5     65          34         0.343434\n",
      "\n",
      "\n",
      "Choice for Activity\n",
      "             var  count  null_count  null_percentage\n",
      "0   wcoursechce1     37          62         0.626263\n",
      "1   wcoursechce2     39          60         0.606061\n",
      "2   wcoursechce3     24          75         0.757576\n",
      "3   wcoursechce4     32          67         0.676768\n",
      "4     woactchce1     32          67         0.676768\n",
      "5    woactchce11     33          66         0.666667\n",
      "6    woactchce12     23          76         0.767677\n",
      "7     woactchce2     23          76         0.767677\n",
      "8    woactchce21     17          82         0.828283\n",
      "9    woactchce22     11          88         0.888889\n",
      "10   woactchce31     23          76         0.767677\n",
      "11   woactchce32     17          82         0.828283\n",
      "\n",
      "\n",
      "Cost Value (Emotional)\n",
      "       var  count  null_count  null_percentage\n",
      "0  cost2w2     75          24         0.242424\n",
      "1  cost2w3     71          28         0.282828\n",
      "2  cost2w4     67          32         0.323232\n",
      "3  cost2w5     65          34         0.343434\n",
      "\n",
      "\n",
      "Cost Value (Loss of Valued Alternatives)\n",
      "       var  count  null_count  null_percentage\n",
      "0  cost6w2     80          19         0.191919\n",
      "1  cost6w3     71          28         0.282828\n",
      "2  cost6w4     68          31         0.313131\n",
      "3  cost6w5     66          33         0.333333\n",
      "\n",
      "\n",
      "Cost Value (Outside Effort)\n",
      "       var  count  null_count  null_percentage\n",
      "0  cost9w2     81          18         0.181818\n",
      "1  cost9w3     71          28         0.282828\n",
      "2  cost9w4     70          29         0.292929\n",
      "3  cost9w5     67          32         0.323232\n",
      "\n",
      "\n",
      "Expectation of Completion\n",
      "             var  count  null_count  null_percentage\n",
      "0   wcoursecmpl1     37          62         0.626263\n",
      "1   wcoursecmpl2     40          59         0.595960\n",
      "2   wcoursecmpl3     33          66         0.666667\n",
      "3   wcoursecmpl4     34          65         0.656566\n",
      "4     woactcmpl1     37          62         0.626263\n",
      "5    woactcmpl11     40          59         0.595960\n",
      "6    woactcmpl12     37          62         0.626263\n",
      "7     woactcmpl2     35          64         0.646465\n",
      "8    woactcmpl21     26          73         0.737374\n",
